749
26 982
355 635
2 996
72 929
88 912
6 995
234 753
59 946
475 521
454 543
169 813
51 958
105 892
153 835
417 579
444 552
463
10 991
204 782
262 714
392 607
336 662
188 796
52 957
133 861
339 659
474 522
461 534
409 585
162 818
138 856
387
321 674
76 928
270 703
382 619
484 511
424 572
124 873
494 498
394 603
470 524
8 993
318 675
372 625
443 553
481 513
452 544
67 937
20 984
414 581
114 885
252 721
44 967
147 841
376 620
550
99 901
415 580
290 695
997
15 988
386 612
155 834
231 758
341 657
281
335 664
408 586
250 726
118 881
922
91 911
144 847
182 800
172 808
80 920
157 832
146 846
314
49 960
345 643
482 512
151 838
152 837
447 547
150 840
256 717
437 562
939
185 797
163 817
134 858
458 537
55 952
385 615
384 617
248 735
269 705
137 857
130 866
190 795
168 814
889
375 622
402 595
313
330 666
654
198 789
671
271 701
108 891
58 947
244 740
365 632
218 769
160 825
104 894
32 977
27 981
343 653
728
249 731
469 525
101 898
279
413 582
224 762
373 624
226 760
344 651
266 709
331 665
426 571
304 684
327 668
350 637
40 968
393
324 670
396
465 528
492 501
31 979
165 816
307 681
143 853
156 833
401 598
371 628
263 711
12 990
199 788
428 566
79 927
237 751
478 517
736
438 558
405 589
366 631
102 897
913
173 806
123 876
359 634
820
69 932
388 609
368 630
423
756
434 563
459 535
301
64 943
272
215 770
209
253 720
288 697
219
289 696
410 583
196
436
37 973
422 573
337 661
0 999
260
285 698
353 636
117 882
567
23
779
449 545
94 909
264 710
96 903
129 868
119 879
227 759
490 503
53 956
175 805
161 824
257 716
236 752
584
509
557
259 715
688
92
514
222
480
464 529
115 884
261
238 750
732
195 793
93 910
878
383 618
9
471 523
131 862
407 587
295 686
246 737
706
390 608
46 965
180 801
18 985
211
395 601
128 871
648
962
221 765
206 781
187
476 518
47 961
158 828
969
223 763
87
86 915
297 685
22
775
906
500
286
191 794
103
294
171 810
338 660
65 941
95 904
126 872
896
68 934
277
836
225
179
364
61 945
251
761
183 798
127
217
291 689
3
36 974
200 783
497
207 774
83
860
403 590
28
116 883
729
746
106
644
309
536
34
419 577
604
113
242 749
181
546
404
723
627
30 980
82 919
771
560
216
495 496
399 599
551
273 700
890
899
487 510
739
455 542
855
25
602
416
888
702
348
439
66 940
197
887
559
71 930
84 918
994
193
214 773
745
451
803
485
13
606
287
508
539
406
446
924
89
300
754
926
427 568
57 949
81
450
228
942
381
848
280 699
986
125
951
466 527
189
724
201
121
725
472
302
367
109
275
54 953
445 548
767
867
605
964
78
880
4
588
645
149
802
677
435
268
516
265
799
167
877
532
499
468
202
398 600
98
347
329
241
972
154
70
561
647
19
391
908
950
397
623
845
712
594
830
502
38
208
852
555
638
120
50
479
296
166
504
247
255
145
768
310 676
352
370
432 564
978
722
792
5
652
254
718
905
488
433
41
349
11
921
821
954
35
460
823
844
320
97 902
267
457
886
708
679
819
360
473
411
148
777
812
629
626
893
429
757
507
430
333
462
707
305
923
556
139
467
363 633
90
616
755
184
541
970
575
864
641
992
356
933
306 683
713
663
907
21
203
614
7
963
549
85 916
975
831
576
229
613
727
73
743
704
174
456
900
533
742
245
210
319
311
944
719
440
389
596
322 673
650
292
936
678
747
987
554
111
418 578
159
610
483
935
48
597
526
925
421
530
400
786
60
358
233
640
538
570
849
687
870
213
442
29
39
239
75
328
142
998
299
278
565
240
875
486
369
778
361
839
178
362
733
667
177
787
519
235
865
669
284
283
593
232
863
693
656
77
100
826
493
851
212
315
776
346
815
63
505
140
62
274
682
842
377
540
24
807
574
931
850
591
895
569
515
230
611
741
342
425
785
186
276
827
804
829
325
690
790
431
14
45
811
874
917
136
312
520
983
354
332
680
298
1
658
809
672
730
869
453
843
822
489
293
938
112
74
639
491
351
357
317
691
412
56
692
303
379
854
694
258
107
340
859
772
791
326
378
989
205
374
655
649
531
976
220
380
316
621
738
592
43
110
780
176
132
334
506
323
914
448
441
764
955
966
170
164
734
192
642
42
282
33
477
16
135
194
141
646
766
784
308
948
420
17
959
971
748
122
